单像后方交会结果输出
左外方位元素改正值
           dXl           dYl          dZl          dfil        dwal         dkal
第1次迭代 -109.916919    -431.558468    -1170.315513      4.084307    3.955709    1.967482
第2次迭代 286.539026    420.730267    1516.464198      -7.276506    0.585269    7.201827
第3次迭代 131.087001    75.689575    -289.462862      -0.170363    0.379306    0.094514
第4次迭代 8.212303    -25.914324    -60.442109      -0.067775    0.166652    -0.032427
第5次迭代 -31.078072    113.914445    32.178313      0.161366    0.607155    -0.040420
第6次迭代 20.922475    -46.280410    -25.948801      -0.099800    -0.204438    0.001015
第7次迭代 5.517148    -12.538785    -5.864767      -0.038891    -0.097287    0.014375
第8次迭代 1.268887    -3.566733    -1.153517      -0.007727    -0.021402    0.003006
第9次迭代 0.049431    -0.190187    -0.052025      -0.000316    -0.001094    0.000125
第10次迭代 -0.000193    -0.001341    0.000085      0.000001    -0.000007    0.000000
第11次迭代 -0.000002    -0.000010    0.000002      0.000000    -0.000000    0.000000
外方元素值
  Xsl             Ysl            Zsl          fil           wal          kal
1946.695649       1847.719208     353.553471    -3.161556    9.384954     12.338598
单位权中误差（单位:像素）1.680852

*********************************************分格线***************************************************